4294967279,103
4294967279,162
4294967279,107
4294967279,106
4294967279,105
4294967279,104
4294967278,155
4294967278,551
4294967278,154
4294967278,305
4294967279,114
4294967279,113
4294967279,112
4294967279,111
4294967279,110
4294967279,109
4294967279,108
4294967278,152
4294967294,463
4294967294,405
4294967294,417
4294967278,517
4294967278,150
4294967279,149
4294967279,325
4294967279,148
4294967279,291
4294967279,121
4294967279,120
4294967279,119
4294967279,118
4294967279,117
4294967279,116
4294967279,115
4294967279,144
4294967279,376
4294967278,142
4294967278,316
4294967278,299
4294967278,141
4294967278,315
4294967278,314
4294967278,139
4294967278,313
4294967278,276
4294967278,137
4294967279,136
4294967294,921
4294967294,185
4294967279,277
4294967279,135
4294967294,467
4294967294,160
4294967294,169
4294967279,276
4294967279,129
4294967279,128
4294967279,127
4294967279,126
4294967279,125
4294967279,124
4294967279,123
4294967279,122
4294967279,315
4294967279,274
4294967279,312
4294967278,269
4294967278,550
4294967278,268
4294967278,266
4294967278,285
4294967278,319
4294967279,266
4294967279,285
4294967279,265
4294967279,323
4294967278,5
4294967279,132
4294967279,131
4294967279,130
4294967279,284
4294967279,359
4294967278,284
4294967278,4
4294967278,281
4294967278,530
4294967278,280
4294967294,391
4294967294,184
4294967294,119
4294967278,274
4294967294,908
4294967294,176
4294967278,8
4294967278,7
4294967278,6
4294967278,248
4294967278,249
4294967278,246
4294967278,247
4294967278,272
4294967278,238
4294967278,13
4294967278,12
4294967278,11
4294967278,10
4294967278,9
4294967278,225
4294967278,222
4294967278,223
4294967278,19
4294967278,18
4294967278,17
4294967278,16
4294967278,15
4294967278,14
4294967278,245
4294967278,174
4294967278,218
4294967278,219
4294967278,214
4294967278,215
4294967294,454
4294967278,205
4294967278,559
4294967278,534
4294967278,201
4294967278,532
4294967294,162
4294967294,163
4294967294,912
4294967294,182
4294967278,24
4294967278,23
4294967278,22
4294967278,21
4294967278,20
4294967278,193
4294967278,556
4294967278,35
4294967278,34
4294967278,33
4294967278,32
4294967278,31
4294967278,30
4294967278,29
4294967278,28
4294967278,27
4294967278,26
4294967278,25
4294967278,521
4294967278,188
4294967278,575
4294967279,299
4294967294,462
4294967294,457
4294967294,466
4294967294,108
4294967279,187
4294967279,298
4294967279,185
4294967279,183
4294967279,297
4294967278,179
4294967278,177
4294967278,175
4294967278,522
4294967279,333
4294967279,173
4294967279,296
4294967278,514
4294967278,43
4294967278,42
4294967278,41
4294967278,40
4294967278,39
4294967278,38
4294967278,37
4294967278,36
4294967279,362
4294967279,171
4294967279,356
4294967279,169
4294967279,355
4294967278,166
4294967278,165
4294967294,919
4294967294,916
4294967294,910
4294967278,512
4294967278,163
4294967294,416
4294967294,167
4294967294,450
4294967294,399
4294967294,110
4294967294,459
4294967278,161
4294967278,307
4294967279,161
4294967279,329
4294967279,160
4294967279,308
4294967278,45
4294967278,44
4294967279,88
4294967279,158
4294967279,157
4294967279,155
4294967279,322
4294967278,49
4294967278,48
4294967278,47
4294967278,46
4294967278,574
4294967279,146
4294967279,145
4294967279,324
4294967278,53
4294967278,52
4294967278,51
4294967278,50
4294967279,143
4294967279,320
4294967279,141
4294967279,318
4294967294,952
4294967294,410
4294967294,109
4294967294,451
4294967278,308
4294967294,903
4294967294,902
4294967279,283
4294967279,275
4294967279,295
4294967278,55
4294967278,54
4294967279,273
4294967279,314
4294967279,307
4294967279,260
4294967279,271
4294967279,304
4294967278,57
4294967278,56
4294967279,263
4294967279,294
4294967279,262
4294967279,292
4294967278,58
4294967279,76
4294967279,75
4294967279,73
4294967279,72
4294967279,70
4294967279,69
4294967279,66
4294967279,64
4294967279,259
4294967294,419
4294967294,179
4294967294,407
4294967294,953
4294967294,403
4294967294,398
4294967294,914
4294967279,282
4294967294,967
4294967294,963
4294967294,173
4294967294,913
4294967294,170
4294967294,961
4294967279,290
4294967278,573
4294967278,572
4294967278,256
4294967278,544
4294967279,63
4294967279,62
4294967278,542
4294967278,242
4294967278,243
4294967278,240
4294967278,241
4294967279,174
4294967279,60
4294967279,58
4294967279,56
4294967279,55
4294967279,54
4294967279,52
4294967278,239
4294967278,237
4294967278,234
4294967278,235
4294967294,396
4294967294,168
4294967294,420
4294967294,189
4294967294,175
4294967294,164
4294967294,180
4294967278,230
4294967278,231
4294967278,224
4294967279,289
4294967278,213
4294967278,539
4294967278,212
4294967278,563
4294967279,49
4294967279,47
4294967279,46
4294967279,44
4294967278,537
4294967278,210
4294967278,208
4294967278,560
4294967278,206
